698 Index

Mutth.. 4. 19 ....... 77, 19 unuh-8, 8 . . . 270, 6, 277, 2
5, 9 ..... 265, 11, 270, 2 Β, 11 .......... 230, 17 ν
5, 4 .......... 265, 13 8, 19. 20 ........ 297. 19
5, 5 .......... 265, 15 8, 22 .......... 45⁸. 19
5, 6 .......... 265, 16 8, 26 .......... 610, 2
5, 7 .......... 265, 18 9, 11-13 ........ 277, 8
5, 8 . . 27, 3, 137, 18, 265, 20 9, 15 .......... 240, 3
5, 9 .......... 266, 1 9, 16. 17 ........ 45, 5
5, 10 ...... 266, 3, 671, 9 9, 28 .......... 127, 8
5, 11. 12 ........ 340, 22 10. 7-10 ........ 540. 20
5, 20 .......... 94, l 10, 10 ..... 449, 11, 543, 17,
5, 31. 32 ........ 393, 13 547, 20, 569, 9
5, 82 . . . 81, 9, 196, 4, 349, 10, 10, 11 .......... 76, 6

,358, 20, 375, 11,

376, 6; 10, 16 .......... 484. 8

394, 18, 404, 16, 405, l 10, 19. 20 ........ 584, 19

5, 84 ...... 448, 7, 457, 15 10, 22 ...... 188, 2, 336, 1
5. 37 ...... 121.-6; 421. 1, 10, 28 .......... 583, 22
448, 15, 514, 25 10, 28 . . 126, 18, 426, 1, 625, 9

5, 39 ’ ......... 447. 14 10, 29 .......... 111, 13
0‘, 12 . 95, 2, 155, 20, 159, o, 10, 30 .......... 111, 19

173, 21, 294, 9,

400, 5 10, 33 .......... 482. 20

6, 18. 13 ......... 162, 17 10. 40-42 ........ 582, ιι
613 .......... 929. 8 11.12 .......... 84, 2
6, 15 .......... 23, 7 11, 18. 19 .› ....... 220, 15
6, 19-21 ........ 581, 18 11, 19 .......... 221, 9
6. 22 .......... 581, 23 ιι, 25-29 ........ 275. 14
6, 22. 23 ........ 581, 12 ιι, 27—29 ........ 286, 10
6, 24 .......... 580. 22 11, 28 ..... , ..... 276, 0
6, 24. 25 ........ 582, 21 11. 29 ..... 265, 14, 275, ιι,
6, 25 ..... 580, 2ο, 581, 5 297, 1⁶; 298. 9
6, 25-34 ........ 582. 6 11. 30 ...... 188.4; 588=1⁸
6, 26 . . 104, 11, 578, 9; 576, 19 12. 1. 2 ........ 575, 2
6, 26. 28 ........ 111, 17 ι2,·45 ...... 92. 10, 182. 22
6, 31. 32 ........ 535, 8 12. 48-50 ........ 267, 4
6, 34 . . 576, e, 577, 14 12. 50 .......... 299. 9
6, 34. 2·› ........ 448, 26 13, 8 ..... 231,22; 342, 8
7, ι .......... 120, 25 13, 25 .......... 80.13
7, 2 .......... 132, 4 13, 90 .......... 870.15
7, 6 . . 30, 24; 41. 11:43, 14; 18, 30. 29 ........ 99. 5

380, 14; 381, 3 13, 30 .......... 75, 23
7. 15 .......... 483, ¹118· 55 .......... 555, 18
7, 15. 16 ........ 484, 15 14, 3, 4 ........ 81, 9

8. 5 sq .......... 270, 4 14, 25 .......... 127. ⁹

