704 Index

ιοοι. 7, 23 sqq. . . . . . 73, 1 1 Cor. 9. 24 ....... 287,14
7, 32 ...... 223, 3, 233, 21 9. 28. 27 ........ 103, 5
7, 32. 33 . . .71.4.15.280,18 10, -1-11 ........ 447, 5
7, 32-34 ...... 257, 2. 14 ιο, 4 .......... 499. 21
7, 34. 204. 18. 205, 17, 223. 15. 10. ιι .......... 314. 12
244. 9. 307, 2. 8. 312, 8. ιο, 12 .......... 283. 12

313, 5. 332, 22 ιο, 13. 292. 21. 323, 12, 455, 24

7, 35 .......... 310.18 10. 23 .......... 373, 3
7, 38 .......... 202. 13 ιο, 23. 24 ........ 363, 24
7. 33. ,251,3,255,11,334, 19. 10. 25 .......... 384. 1
389. 26. 373, 13 10, 32 .......... 555, 13

7, 33. 40 ........ 311, 18 10. 33 .......... 339. 19
7. 39¹. . 252, 7,372, 14, 375, 8. ιι, 1 .......... 103, 3
373, 21, 333, 25, 334, 7. 23, ιι, 3. . . 21, 5, 13, 25, 13
335, 13, 333, 13, 337, 2, 11, 4,7 ........ 531,15
331, 12, 334, 4. 8 11. 7 .......... 533, 21

7, 33. 4ο . . . 303, 11,321,1ο 11,12 .......... 171. 10
7, 40 ...... 251, 8. 388. 11 11. 14 .......... 591. 11
8. 7 .......... 211, 17 11. 18. 17 ........ 530, 7
3,13 .......... 384, 3 11. 29. . . . ...... 45,1ι
9, 1—5 ........ 538. 3 11, 31· .......... 174. 23
3, 4. 5 ........ 542, 9 11. 31. 32 ........ 838, 1
9, 4-7 ........ 383. 2 12, 7—11 ........ 855. 1
9. 5.8 ........ 542,2012,11 .......... 235, 3
9, 8. 12 ........ 587, 23 12. 12 .......... 171, 15
9. 7. . 537. 8. 553, 9. 588. 20 12, 13 ..... 171, 17, 282, 17
9. 7-10 ........ 543, 24 12, 24-28 ........ 171, 19
9. 7-15 ........ 540, 3 13. 31 .......... 230, 21
3,3 .......... 111,2313,2.,.... 82‚15.85.24
9.11. 544,13,545,14,553,1413, 3. ζ . . . . 87.23.888‚ ο
9. 12. 383. 10. 449. 21, 542, 8. 13. 4 ...... 289, 5. 23210
545, 8. 13, 548. 7 13, 4, 5 ........ 279. 8

9.13-15 ........ 548.1013.47........878.17
9.14 .......... 547, 2 13. 7 .......... 037, 3
9.14.15 ........ 588. 4 13, 3 .......... 198.18
3, 15 .......... 548. 2 13, 11 .......... 592. 14
9, 13,, ........ 543, 7 13, 12 .......... 27, 1
3, 17 ........ 543, 12. 15 15, 3. 4 ........ 52, 24
9.18.383, 14, 543,1.3,550,5.3 15, 15. . . ........ 440, 8
9. 19 ..... 382. 23, 383. 17 15. 19 .......... 257, 22
9. 19—21 ........ 543, 18 15, 23 ...... 21, 20, 287. 7
9. 20 .......... 508,17 15, 33 .......... 222, 8

9.22 483.23.508.7.551.10.558,18115. 89. 40 ........ 30, 21

