702 Index

 

11011.4,8........297. 5130m.7,28 ....... 158,11
4,10 .......... 584. 9 7. 25. . . . 28, 19.28; 164, 6
4,16, . . 25, 8, 26, 8, 679, 22 8,10 .......... 167, 4
4,18 ...... 24, 4, 280, 9 8,12-14 ........ 149, 6
4. 20 .......... 54, 10 8, 18. . 150, 4, 152, 7, 154, 13,
lud. 1, 12 ........ 91. 24. .155. 7
Rom. 1, 1 ........ 575. 18 8, 14 ..... 155, ιο, 178, 25
1, 3 .......... 118, 7 8.15. . . 24, 5, 281, 8, 690, 5
1. 9 .......... 28,19 8,17 .......... 689, 7
1, 17 .......... 8. 4 8, 18 .......... 664, 17
1, 23 .......... 16, 17 8, 22 ........ . 28, 15
1, 26 .......... 881. 8 8, 28-25 ........ 66816
1, 25. 27 ........ 208. 1 8. 26 .......... 670, 4
2,12 . . 86, 11, 87, 23, 88, 14 8, 85-89 ........ 880. 5
2, 25 ...... 428, 4, 550, 7 9, 1 .......... 448. 9
8, 7 .......... 526, 9 9, 7 .......... 889.12
3, 7. 8 ......... 47o,10 9, 8 .......... 689, 18
8. 8 . . 61, 11,877, 8, 514, 8 9,14 .......... 285, 9
8. 20 ..... 147, 25, 153, 6 9.15 .......... 68819
4 ........... 61, 25 9, 16 .......... 688, 21
4, 4 .......... 682, 5 10. 8. . 148, 14, 284, 9, 285, 20
4,15 .......... 88, 4 10, 4 ........... 688, 5
5, 8-5 ......... 109.18 10,10. . . 8, 8; 479 10, 485, 9
5, 5 , , .28, 17, 61, 21, 84, 8, 11, 5. 6 ........ 581, 21
88, 11, 327, 12, 678, 11, 11, 17. 18 ........ 285, 7

680. 16, 685, 6, 687, 10 11. 20. . 280. 12; 282, 5, 288, 5

5, 6 .......... 882. 18 11, 28 .......... 184, 15
5, 8-10 ........ 24, 5 11, 88 ...... 526, 5, 847. 10
5, 20 . . 61,12,148,5,277,18 11, 85. . 18,18,25, 18, 118, 20
5, 5 .......... 58, 5 12. 1 .......... 172, 7
6, 9 .......... 819, 4 12, 8 ..... 806, 18, 821, 8
6,12.18 ........ 145, 2ο 12, 4-6 ......... 80810
6, 12-14 ........ 148, 24 12, 10 .......... 298. 17
6.18 ..... 182, 21, 491. 15 12. 12 .......... 887, 5
6,14 ..... 154, 20, 155, 4 12, 16 .......... 288, 2
7. 23. .. -875, 4, 885.1912.17 .......... 400. 7
7,8..3846385,,6407,818,1 .......... 154.8
7, 7 .......... 148, 1 13,10 ...... 82,18; 882.»
7, 7. 8 ......... 88, 5 14, 8 .......... 129. 28
7,17 .......... 179. 10 14. 12 .......... 880.11
7,18 . 147,-10, 168, 21, 154, 20, 14, 20 .......... 88¹, 5
188, 8, 329, 24 14, 21 .......... 41, ι

7, 22. 23 ........ 147, 16 14, 28 ,,,,, 176, 24, 818, 1

 

