696 Iudex

111 Reg. 13. 24 sqq. . . . 636, 5ᾗΡε. 18, 8 ........ 287, 18
16, 5 sqq ......... 670, 5 18, 10 .......... 280, 17
20 (21),,13 ....... 500, 8.21, 17-19 ........ 615, 5
1v Reg. 10 ....... 472, 21 21, 28 .......... 616, 7
22, 18-20 ........ 648, 19 21, 28. 29 . . . . 614, 19; 615, 10
23, 16 sqq. ....... 636, 5 24, 15 .......... 285, 1
End. 9, 7 sqq ....... 367, 6 26, 4 .......... 281, 13
Tob. 2, 9 ........ 628, 3 26, 9 .......... 281, 16
12. 12 .......... 628, 3 26,10 .......... 648, 1
Iob 1 .......... 219, 7 26, 12 .......... 510, 12
2, 5 .. ......... 500, 6 29, 7 .......... 183, 7
2, 10 .......... 674, 3 29, 8 .......... 183, 11
7, l ...... 283, 7, 294, 19 30, 28 .......... 508, 3
14, 4. 5 ........ 294, 1 33, 9 .......... 112, 12
28, 28 .......... 288, 3 33, 15 ........ 160, 15. 17
Ρε. 1, 1 ......... 592, 7 35, 4 .......... 535, 20
1, 2 .......... 565, 1 35, 8-10 ........ 112, 18
1, 3 .......... 112, 15 35, 9 .......... 686, 18
2, 1 ........... 617, 28 35, 12 . “. . ...... 298, 12
2,1.2.7.8...,..615,2336,23 .......... 287, 8
2, 7. 8 ........ 131, 15 88, 4 .......... 586, 4
2, 11 ..... 155, 10; 282, 17 40, 5 ...... 85, 10; 163, 1
5, 6 ..... 455, 14, 684, 19 41, 2 .......... 118, Β
5, 6, 7 . , . 425, 11, 470, 17 44, 3 ..... 244, 10; 279, 5;
5, 7 ..... 420, 26, 443, 2; 800, 11, 333, 11

455, 1; 456, 27 44, 14 .......... 338, 20
6, 8 .......... 495, 15 47, 2 ...... 46, 4; 197, 16
8, 5 .......... 684, 13 49, 15 .......... 583, 16
8. 9 .......... 104, 11 50, 7 .......... 278, 10
9, 5-8 ........ 616, 18 54, 6 .......... 495, 13
9, 19 ...... 676, 7, 690, 19 55, 8 .......... 682, 9
9, 24 ...... 590, 1; 666, 2 57, 2 .......... 130, 2
10, 5 .......... 67, 26 58, 10 .......... 298, 15
12, 6: ......... 565, 2 58,11 .......... 684, 1
13, 1 .......... 145, 11 61, 6 ...... 677, 9, 687, 16
13, 6 .......... 676,18 64, 3 .......... 153, 4
14, 2 ..... 450, 10; 472, 3; 6⁵. 4 .......... 181, 19

485, 23, 486, 9 70, 4. 5 ........ 676, 13
14, 2. 3 ...... ·. . 486, 15 70, 5 .......... 687, 16
15, 2 .......... 676, 9 72, 27 .......... 366, 20
15, 4 .......... 61, 24 75, 12 ..... 267, 11; 378, 3
17, 14 .......... 104, 10 78, 2. S ........ 626, 5

17, 44 .......... 507, 25 81, 6 .......... 18, 15

