 

scriptorum. 697

Pa. 88. 3 ........ 281,16 ειρ. 3, 21. . . 141,10;177,25,
33, 5 ......... 515, 5 237, 12, 330, 9
34,13 ......... 143, 20 9,15 .......... 167. 2
93, 19 ......... 175, 3 11,13 .......... 5,13
95,1..., ...... 2631515, 2.......35,15.19.21
95, 3 ......... 267,15 1166112, 1-5 ...... 675, 3
100, 1 ......... 647,13 2,14 ...... 674, 3, 675, 1
102, 2. 8. . . . . . . ..162 3 3,13. 229, 24, 263, 14, 273, 5,
102, 3 ......... 174, 6 239, 3, 300, 3
112, 9 ......... 562, 25 3, 21 .......... 657, 20
115, 6 ......... 517, 1 7,13. , . . 452, 27, 453, 7. 23
115, 11 ......... 526, 3 10, 14 .......... 30, 13
115,15 . ., ....... 626,12 19, 1 .......... 520, 23
113, 4-6 ........ 236, 12 23, 2-5 ......... 399. 23
113133. .⁴ ....... 154, 22 46,13 .......... 652, 4
113, 142 ......... 512, 11 Hos. 10, 12 ....... 563, 3
120, 2 ......... 61,20 1111524 . . . . . 3,4,632, 11
122, 4 ......... 676, 6 Soph. 2, 11 . . 611,17,614,13,
126, 1 ......... 285, 8 615, 13. 20
137. 3 ......... 139, 2 Es. 2, 3 ......... 570,14
137, 6 ......... 270,11 7, 9 ....... 4,1ο,113,12
133, 7 ......... 281, 11 14, 12 .......... 135, 21
140, 3 ......... 142, 5 26,13 .......... 230, 3
140, 3.4 142,22,156,11,236, 21 51, 7. 3 ........ 613, 7
145, 3 .......... 237, 17 53, 2. 3 ........ 333, 16
Prou.5,11. 12. . , .675, 16 55,10 .......... 563, 1
3,22........;. 9,13 56, 5 ..... 253,22,259,16,
2ο, 9 .......... 293, 2ο 260, 23, 263, 2
22, 8. . ,ι ....... 562, 21 63,16 .......... 643, 5
24, 23, . . 456, 21, 457, 12. 23, 66, 2 ...... 233, 4, 297, 7
515, 20, 525, 22 mer. 17, 5 . , . 152, 1, 676, 21

31, 27 ......... ·. 95,11 101. 16, 52 ........ 422, 3
neele. 3, 5 207, 7, 315, 13, 395, 24 13, 4 .......... 494, 15
eant. 1, 4 ........ 535, 12 36, 26 .......... 499, 21
Sap. 1, 6-11 ...... 451, 1 Su· ............ 199, 10
1, 10 .......... 452, 20 23 .......... ,. 253, 17
1, 11 ..... 420, 24, 426, 3, 11 nach. 12, 43 ..... 623, 17
450, 1. 17, 452, 17 Dan. 3, 50 ........ 533, 20

2, 23 .......... 113,13 3, 37 .......... 302, 7
2. 24 .......... 139, 3 6, 23 .......... 534, 3
7, 16 .......... 332, 16 math. 1, 20. 25 ..... 124, 15
7,27 .......... 7,13,7.3...· ...... 59,10

8, 1 .......... Β, 10 3. 16 .......... 124, 14

