706 Index

Gal. 6. l . . . 497, 162 506, 13 Phil. 2, 16 ........ 578. 4

6, 4 .......... 457, 2 2, 21 .......... 57819
6, 6 ..... 44917, 558, 24 2, 8ο .......... 569, 6
6,7....«....,562,173,16 .......... 92614
6, 14 .......... 58, 7 9, 20 .......... 107, 21
Ephee. 1. 5 ....... 15. 5 4, 8. 9 ......... 889. 22
2, 2 . . . . ..... 107, 17 4,12 .......... 220. 4·
2, 9 .......... 29, 8 081115 ........ 21, 7
2, 6 .......... 128, 16 2, 9 .......... 27618
2, 8. 9 ........ 688,14 2. 15 . . 108, 4, 108, 10, 187, 9
2, 8. 10 ........ 284, 12 9. 1. 2 ......... 180, 25
5, 7 .......... 24,12 9. 1-4 ......... 179,12
8, 17 .......... 69, 22 9, 4. 5 ........ 180. 2.,5
9,17-19 ........ 18719 9, 6 .......... 181, 1
4, 18. 14 ........ 592, 19 9, 7 .......... 181. 9
4. 21-24 ........ 594, 4 9,. 8 .......... 181, 21
4. 25 . 421, 5, 472, 6, 486, 17 9. 9.10 ........ 598, 29
4, 28 . , 49, 15, 490, 14, 555, 24 8, 10 ........... 45, 4
5. 8 .......... 104. 20 vrbem. 2, 5. . 552, 15, 558, 15
5,12 . . ....... 198, 9 2. 5-7 ...... “. . .552, 8
5, 22. 28. 25 ....... 168, 25 2, 6. 5 . 552, 12, 554, 4, 568, 1
5, 28 .......... 889, 10 2, 7 ........ -. ’. 551. 27
5,24 ...... 169,4,172,15 2,.7.8.9..,.....559,19
5, 25 .......... 169, 6 2. 9 .......... 556, 5
5, 25-28 ........ 167,17 4. 5 .......... 208, 5
5, 25. 28 ........ 168, 19 4, 17 .......... 189, 10
5, 28 .......... 169,11 11 The-n. 9, 6-12 . . , ,586. 7
5, 29 . 164, 4, 167, 7, 168,1. 9, 9, 8 ...... 556, 5, 568, 8

174,18;684,9,658,21,669,12 9, 8. 9 . . . . 597, 11, 546, 2
6, 12 ...... 104, 4, 106, 19 9, 10 .591, 8, 588, 9, 594, 9. 14,
Phil. 1, 8 ........ 448. 9 595, 4. 18, 589, 5, 590, 18
1, 15 ...... 87, 16, 487, 5 8. 12 ..... 587, 19, 589, 9
1, 18 .......... 487, 11 9, 12. 13 ........ 556, 29
1, 28 .......... 210, 16 8, 18 .......... 557. 4
1, 29 .......... 687, 18 9. 14. 15 ........ 88. 22
2, 9 .......... 293, 17· 1165152, 11 ....... 10, 5
2, 6 ..... . . . . 8, 17 5, 14 ..... 158, 19, 528, 15
2, 6.7......9,21,22,76, 1.2 ........ 55,14
2, 7.8 ......... 289. 9 18, 4 .......... 198, 1
2, 8 ...... 14, 15, 272, 6 Ι-Ήιιι. 1. 5 , . .201, 11, 240, 16
2,12 .......... 687, 4 1,10.11 . . . . 79, 16, 75, 7
2, 12. 18 . . ..... 282, 19 1, 18 ...... 99, 9, 277, 19,

2, 18 ..... 178, 23, 686, 22 482, 113 524, 4

