 

scriptorum. 703

nom. 15. 9 ....... 279, 19 1 cor. 0, 12. 18 ..... 969, 29
15.19 .......... 82.14 0.15. . . 85. 11, 58, 9, 76, 25,
15, 25-27 ........ ,559, 8 171, 7, 998, 9, 912, 17
15. 27 .......... 579,17 6,19 .......... 294, 29
16, 18 .......... 552,19 6, 19. 29 ........ ι,912 29
1 eor.1.18 ....... 179.10 7, 2-4 ........ 349,1
1.14. 10 ........ 52. 29 7, 4..191,21,195, 12 227 15,
1, 20-25 ........ 617, 8 952, 4, 955, 14
1, 24 . . . 6,16,8,8,191,11, 7, 5 .......... 19516

129,’12,129,2, 126, 8 7. 6 ..... 177, 14, 208. 4
1. 25 .......... 19,17 7. 0. 7 ........ 808.19
1 27-29 ........ 571, 9 7. 7. .141. 18; 285, 5, 592, 11
1, 99 .......... 174, 4 7, 7. 29-94 ...... 201. 14
1, 80 81 ........ 089, 0 7. 8. 996, 19, 997, 16, 911, 9
1, 91 .......... 189,19 7. 8.9 ........ 916, 1
2, 2 .......... 52, 11 7, 9. . 196, 12, 292, 7, 212, 6,
2. 9 .......... 282. 9 219, 29, 296, 4, 242, 22,
2, 12 .......... 928, 1 916, 11, 954, 5, 895. 16,
2, 14 .......... 29, 6 996, 19, 997, 11
9, 1-9 ......... 179, ιο 7.10 .......... 948, 7
8. 2 .......... 881.18 7, 10.11 . . 196,19,997, 18.
9, 9 .......... 159,19 248, 9, 947, 7, 959, 9,
9, 5-19 ........ 599,11 951,14, 975, 1
9, 7 ........ .992, 5 7,11 ...... 954, 18, 975, 19
9, 11 .......... 69, 19 7, 12. 961, 21, 966, 17, 979, 18,
9, 11. 12 ........ 96, 4 971, 24, 974, 4, 978, 15
8. 11-15 ........ 04. 21 7,12.10. 11 ...... 989, 5
8. 16, 17 ........ 459, 19 7, 12. 19 ........ 979, 9
9, 22. 29 ........ - 25. 12 7. 14 ...... 295, 1, 962, 19
4, 9 ...... 840. 9; 588. 28 7,15 .......... 72. 5
4, 5 .......... 215, 9 7, 16 .......... 962, 8
4, 7 ..... 285, 12,828. 17 7.18 ......... 559, 5. 9
4,14 .......... 971, 15 7, 18-20 ........ 422, 21
4, 15 .......... 52, 16 7, 25. 968, 29, 979, 17, 978, 19
5. 1-5 ......... 97,18 7, 25. 26.. . 245, 22, 246, 18
5, 4. 5 ......... 94.19 7 20. 247. 17. 252, 14, 255. 19
5, 5..........98,29 727 ..... ·247,18,978,16
5, 9-19 ........ 97, 22 7, 27. 28 ...... 24818-24
5, 9 sqq ......... 29912 7. 29 202. 19, 248, 5, 259, 8. 8;
6, 4-6 ......... 587,19 251, 5. 29, 252, 29, 259,·12,
6, 9.19 , . . . 58,11, 66, 9 254, 19. 11, 255. 29
6, 10 ....... . . 78, 18 7, 28. 96 . . . 294, 19, 214, 12
6,11 . . . . . . .-58. 15, 00.17 7,29 ..... 915, 29, 895. 20

