 

 

nuptorum. '705

1 6551540 ....... 157. 2 u Gor. 11. 7212 . . . .555. 1

15.41. .. . 555, 15, 515. 1511. 55. . .. 555,15;555,55
15. 41. 42 . . . 247. 15; 555, 5 11. 12 .......... 555, 11
15. 44 ...... 15. 17, 155, ιι 11, 55. . , ........ 57, 15
15.5o ...... 51. 5,157, 5 15. 5 .......... 551, 15
15, 55155 ........ 15515 15, 5 .......... 225. 5
15. 51 .......... 15. 2 12. 51 .......... 54,15
15. 51. 52 ...... ιιο, 5. 15 15. 5 .......... 575. 15
15. 52. . 55, 15, 55, 1, 155, 55, 5411. ιο ....... “. 545. 11

527, 12 1. 25 ...... 445. 5, 455. 5ο
15. 55. , 5ο, 5, 5, 252. 7: 451. 12 2. 5. 4 ......... 425. 27
15, 55-55 ........ 525. 21 2. 7 .......... 155. 5
15. 54 .......... 554. 21 2. 5 .......... 555, 25
15, 54. 55 ........ 52. 5 5, 12. 15 ........ 455, 15
ι5, 55. 55 ........ 147. 1 5, 14 . 424. 14, 455, 15, 555. 15
15. 55 .......... 145. ιι 2. 14. 15 ........ 555, 15
15, 1-——4 ........ 577. 5 2.15 . ......... 155. 5
neor.1.12 ....... 545.155,5ο....175.7.54,554,5
1.15 .......... 121. 7 5.11 .......... 5, 4
1, 22 .......... 115, 15 5, 57. 25 , ........ 555. 5
5.14 .......... 155.10 4,· 4 .......... 555, 5
5. 15. 15 ........ 555, 5 4. 15 .......... 555, 17
5, 15 ..... 451. 55, 555. 15 4, 55. 54 ........ 445. 55
5, 5 .......... 155. 51 4. 55. 55 ........ 515. 15
5,15 .......... 551, 54.25...·...15.15;555. 4
4. 15 ..... 525. 55, 555. 15 4. 55 .......... 555. 15
4. 17 .......... 554, 15 4. 51 .......... 55. 25
4.15 .......... 554115 5. 1 .......... 55. 25
5. 5 .......... 11515 5, 2 ..... 571‚15=424. 5
5. 5 .......... 112.15 5. 5 . 55.15,55, 5. 24; 71. 15,
5, 15 ..... 555, 11, 555, 15 74. 20; 55. 51, 55, 55, 51, 5,
Β, 7. Β ........ 341, 1 ⁹71 Εἰ 24¹1 1⁹3 ffl. 19
5. 15 .......... 575, 11 5. 15 .......... 5ο, 4
5, 15 .......... 55. 7 5.15 .. . ...... 154 51
5, 141 ........ 555,15 5. 15.17 . . . 151, 15;172. 25
5, 5 .......... 555.12 5, ι5«-15 ........ 155, 15
5. 15 .......... 551. 24 5. 17 ..... 145. 15, 155, 7
5. 51 .......... 555. 17 5. 15 .......... 155, 54
5, 1-15 ........ 555, 4 5, 15-51 , 55, 7, 155. 7, 175, 14
5, 15 .......... 555. 15 5. 15 nqq ...... . . 255. 12
15. 15 ...... 225. 4. 255. 12 5. 21 ...... 75. 14, 75, 15
11, 5. 555, 15, 544, 15, 515, 55 5, 55. 25 ........ 151, 4
11. 7 .......... 545, 5 5‚24 .......... 151.15

‘2111 21⁵5.ssoess- Ἰμκ 111. ’1ιῇ

