700 Index
Luc. 7, 6. 7 . . , . . . .270, 8 Luc. 24, 39 127, 1, 170,16, 171, 2
7, 36-47. . . . .. . . .284, 7 24, 49 .......... 130, 20
7, 37. 38 ........ 277, 4 Iob. 1, 1. 3 22, 5, 101, 12, 123, 2
7, 47 ..... 279, 22, 298,17 1, 1. 3. 14 ....... 120. 13
8.1-3 ........ 540,10 1, 3. . . 8,13,10, 2,113, 9,
8, 8 .......... 292, 3 126, 9, 457, 24
8, 21 .......... 10, 4 1, 9 .......... 10, 11
8, 45 .......... 507, 17 1,12 .......... 300, 23
10, 1-7 .......... 541,11 1,14. . ,9,10, 114, 5, 122,16,
10, 4, 7 ........ 449, 9 123,15,153. 1
10, 7 ..... 542, 14;543,17, 1,14. 29 ........ 278. 13
547,21,552,13 1, 48 .......... 516, 18
10, 21 .......... 27, 7 2, 2 .......... 190, 18
10, 30 sqq. , . 265, 19, 486. 23 2, 4 .......... 12, 19
10, 33-35 ........ 364, 13 2, 9 .......... 652, 18
10, 35 ..... 267, 20, 540, 6 3, 5 .......... 93, 23
10, 39. 40 ........ 199, 7 3. 6 .......... 24, 19
11, 27. 28 ..... x . . 237, 14 3,13 .......... 127, 18
12, 4. . 625, 16;634, 1, 638, 16 3,18 87,15,129,4.20, 130, 9
12, 35 ...... 160, 21, 263, 11 8, 21 ........ . , 455, 18
12, 36 .......... 160, 26 4, 24 .......... 24, 21
13, 28-30 ........ 502, 4 4. 34 .......... 265. 17
15, 11-32 ........ 508, 20 5, 14 .......... 82, 4
16, 8 .......... 558, 6 5, 28. 29 ........ 86, 16
16, 18 , . . 358, 3, 361, 5, 375, 9 6, 38 .......... 279, 14
13, 379, 16, 391, 25, 7, 24 .......... 130, 3
398, 11, 405, 14, 407, 11 8, 7 ...... 888, 8· 399, 10
16, 19 sqq. ....... 626, 18 8,11 .......... 387, 20
16, 22 .......... 651, 6 8, 23 .......... 681, 10
16, 22 sqq. ....... 660, 1 8, 25 .......... 21, 6
16, 25 .......... 650, 13 8, 44 .......... 154, 16
17, 21 .......... 83, 23 10, 30 .......... 22, 4
18, 10 .......... 270, 20 11, 34 .......... 507, 18
18, 10. 11 ........ 288, 17 11, 44 .......... 653. 4
18, 10. 14 ........ 279, 19 12, 5 .......... 670, 18
18, 11-14 ........ 271, 2 12, 6 . . 449, 1, 539, 14, 576, 25
18, 13 .......... 277, 1 12. 31 .......... 102. 6
19, 2. 8 ........ 277, 3 13, 1 sqq. ....... 272,12
19, 41 .......... 265, 15 13, 5 .......... 279, 17
21, 18 . . . .- . . 625, 8, 669, 11 13, 16 .......... 296, 17
21, 19 .......... 668, 1 13, 23 .......... 173, 24
23, 34 .......... 266, 2 13, 29 .......... 670, 18
24, 28 ..... 508, 11, 509, 28 14, 2 .......... 263, 3

