 

scriptorum. 699

114101. 14, 29 ...... 127. 11 matth. 22, 2 sqq ...... 75. 9
14. 80 .......... 185, 4 22.10 .......... 75, 20
15, 2.20 ........ 445,18 22,28-80........821,17
15, 11 .......... 148, 20 22, 8ο ...... 15, 9, 188, 21
15,18. 17 ........ 144. 5 22, 87. 89 ........ 54. 4
15,18-20 ........ 451, 22 22. 89 .......... 428, 7
15,18 .......... 144 11 22, 40 .......... 84, 24
15,19 .......... 148 728 28 ........ 94,4
151920 ........ 14417 28, 8 .......... 58822
15, 28 ..... , ..... 270,15 28, 4 .......... 588,14
15, 28. 28 ........ 78. 24 28. 9. - ........ 1818
15, 27 .......... 270. 17 28. 15 .......... 98, 17
15, 28 .......... 270, 14 28. 28 .......... 148, 18
18, 18. 17 ........ 84. 18 24, 12 .......... 288, 9
18, 19 .......... 185, 1 2414. .“ ........ 188, 8
18, 22 .......... 185, 5 24. 81 .......... 294. 8
17, 2 .......... 127,13 25, 4 .......... 288, 1
17. 8 .......... 852, 7 25, 15 sqq. · ....... 78, 15
17. 24 sqq. ....... 882, 24 25, 21 .......... 112, 9
. 18, 1-8 ......... 271, 20 25, 24-80 ........ 588, 22
18, 8 .......... 272, 1 25, 88 ...... 17,2, 129, 1
18, 7. .“ ........ 288. 9 25, 41 ...... 87,8, 108, 20
18, 15 .......... 94. 22 25, 44. ., ........ 87, 15
18,15-18 ........ 89.18 25, 48. . ζ . . . . . . 88, 8
18, 18 .......... 41,11 28, 7 sqq ......... 828, 5
19, 8 ..... 197, 28, 892, 24 28, 41 .......... 829. 8
19, 9. . 88, 9, 190, 17, 248, 1, 28, 49 .......... 870, 20
819, 8, 855, 2, 859, 24 28, 51. 70-74 ...... 185, 8
19,10-,12. . 258, 8- 405, 19 28,.52 .......... 182, 7
19. 11 ..... 141,12,817,19 28, 89 nqq ....... 485.14
19.11.12.....841.‚172075 .......... 185,20
19, 12. 207, 24. 219, 21, 222, 8, une. 1. 24. 25 ...... 84.11
280. 8, 242, 21, 287, 14. 10. 11. 12. . . 857, 25, 891, 21

278, 8, 898, 2, 592, 2 10, 12 ..... 875, 7, 879, 14

19. 10-21 ........ 8ο, · 5 Luc. 1. 27 ........ 199, 11
19, 17 ....... 87, 4, 98, 19 1, 82 .......... 118, 8
121819 . , . . ,87, 5, 70,15 1, 84 .......... 288, 8
19,19- . ⁹⁸. 20, 426. ῖς 6⁷5, 4 2, 88. 37· . . . 199. 10, 828, 8
19, 21. . 70, 28, 291, 8, 578, 1 2, 87- ..... 888. 28, 824, 8
20, 9 .......... 282, 1 8, 8 .......... 158, 8
20, 21. 22 ........ 272. 4 8,12-14 ........ 59. 18
20. 22 .......... 290, 8 8,18 .......... 88, 8
21, 81 ..... 118, 20, 277 8 8. 87 .......... 400. 4

